{
  "n_bins": 100,
  "n_populated_bins": 58,
  "n_bootstrap_replicas": 500,
  "bootstrap_method": "Event-level resampling with full correction chain recomputation",
  "stat_covariance": [
    [
      0.0,
      0.0,
      0.0,
      0.0,
      0.0,
      0.0,
      0.0,
      0.0,
      0.0,
      0.0,
      0.0,
      0.0,
      0.0,
      0.0,
      0.0,
      0.0,
      0.0,
      0.0,
      0.0,
      0.0,
      0.0,
      0.0,
      0.0,
      0.0,
      0.0,
      0.0,
      0.0,
      0.0,
      0.0,
      0.0,
      0.0,
      0.0,
      0.0,
      0.0,
      0.0,
      0.0,
      0.0,
      0.0,
      0.0,
      0.0,
      0.0,
      0.0,
      0.0,
      0.0,
      0.0,
      0.0,
      0.0,
      0.0,
      0.0,
      0.0,
      0.0,
      0.0,
      0.0,
      0.0,
      0.0,
      0.0,
      0.0,
      0.0,
      0.0,
      0.0,
      0.0,
      0.0,
      0.0,
      0.0,
      0.0,
      0.0,
      0.0,
      0.0,
      0.0,
      0.0,
      0.0,
      0.0,
      0.0,
      0.0,
      0.0,
      0.0,
      0.0,
      0.0,
      0.0,
      0.0,
      0.0,
      0.0,
      0.0,
      0.0,
      0.0,
      0.0,
      0.0,
      0.0,
      0.0,
      0.0,
      0.0,
      0.0,
      0.0,
      0.0,
      0.0,
      0.0,
      0.0,
      0.0,
      0.0,
      0.0
    ],
    [
      0.0,
      2.219994633991933e-07,
      -2.2472851481285227e-08,
      -3.661603603512457e-08,
      2.8846775116927715e-08,
      7.816707683146391e-11,
      -5.361510983099954e-09,
      3.408676114003903e-09,
      -2.570944067887962e-10,
      0.0,
      -3.0163059446233895e-10,
      1.8753644129832776e-08,
      1.0964924949387178e-08,
      1.1616505407393521e-08,
      2.2862500056055248e-08,
      1.889161889459953e-08,
      -1.1324357930757743e-08,
      -2.2541652109716873e-09,
      0.0,
      0.0,
      -3.333875676328427e-10,
      -7.459275876848468e-09,
      -1.0890012683515822e-09,
      2.4846250971258594e-08,
      7.2057700471774815e-09,
      -8.566846434391571e-09,
      -6.043722935933703e-09,
      8.927417638329851e-10,
      0.0,
      0.0,
      3.302153830468671e-09,
      1.8892292916777304e-08,
      9.498413524299009e-09,
      3.704690892020178e-11,
      4.323084295880312e-08,
      -3.4618917743214402e-09,
      -1.2959868235321167e-09,
      0.0,
      0.0,
      0.0,
      -3.1949645205595755e-09,
      5.322069171399296e-10,
      5.864174898455171e-09,
      -4.722556790558096e-08,
      -3.771634631746598e-09,
      1.5592992615504864e-09,
      0.0,
      0.0,
      0.0,
      0.0,
      3.6325363164093927e-09,
      -8.014027191560887e-09,
      -2.2153456812946396e-08,
      2.3419493901086627e-09,
      3.584180236489103e-09,
      -2.48136462758563e-12,
      0.0,
      0.0,
      0.0,
      0.0,
      1.3603354914290994e-08,
      -9.708854038482468e-09,
      9.11306442944884e-09,
      -3.691889992356456e-09,
      6.814010065443337e-10,
      0.0,
      0.0,
      0.0,
      0.0,
      0.0,
      5.881782177345703e-10,
      -5.527268546011479e-09,
      -1.2968912536535365e-09,
      -1.7391013984985346e-09,
      0.0,
      0.0,
      0.0,
      0.0,
      0.0,
      0.0,
      -5.501982456158988e-09,
      5.974184965445882e-09,
      6.6411315328046e-10,
      0.0,
      0.0,
      0.0,
      0.0,
      0.0,
      0.0,
      0.0,
      -2.8648108375391304e-09,
      1.5149987243122405e-09,
      5.091322951871203e-13,
      0.0,
      0.0,
      0.0,
      0.0,
      0.0,
      0.0,
      0.0
    ],
    [
      0.0,
      -2.2472851481285227e-08,
      6.800321558298796e-07,
      -5.044610153203293e-08,
      -5.0118864366616046e-08,
      -1.550727552203714e-08,
      2.468282360429015e-08,
      -1.2375575602354096e-08,
      -6.880901990771096e-10,
      0.0,
      4.786751197484375e-09,
      -3.998692459215646e-08,
      3.429063328323738e-08,
      6.561493287198048e-10,
      3.17473684197637e-08,
      -2.3367286133769996e-08,
      2.0204541417269246e-08,
      -3.742703440075429e-09,
      0.0,
      0.0,
      -4.394890526763642e-09,
      1.3498377726501493e-08,
      -6.450909670699076e-08,
      4.6830752973060536e-08,
      -3.6351172761659445e-08,
      -1.2106326308604157e-10,
      -1.343981475088306e-08,
      -3.2325386618920913e-10,
      0.0,
      0.0,
      -1.4267070248813833e-08,
      2.290238002140789e-09,
      3.859198298251304e-08,
      -3.3957472992009084e-08,
      -1.2009917655010636e-08,
      -1.4017697203526259e-08,
      2.377019522041145e-09,
      0.0,
      0.0,
      0.0,
      3.670885343365869e-08,
      4.264914295165475e-09,
      9.259635903843681e-12,
      -1.7167329567425886e-08,
      -7.75838483283349e-09,
      -6.313899897736164e-09,
      0.0,
      0.0,
      0.0,
      0.0,
      1.6358064189839652e-08,
      -5.4942484010232845e-08,
      4.825564887147812e-08,
      -1.8528493376020723e-08,
      -1.1544021767211877e-08,
      -5.615394167493959e-11,
      0.0,
      0.0,
      0.0,
      0.0,
      -8.315502726902187e-09,
      1.9141038747223857e-08,
      1.3301556394359837e-08,
      5.574689909735693e-09,
      1.1406496417440167e-09,
      0.0,
      0.0,
      0.0,
      0.0,
      0.0,
      -2.675065792696012e-08,
      -8.684083803842685e-09,
      -2.5988864087495794e-09,
      -8.22471083174429e-10,
      0.0,
      0.0,
      0.0,
      0.0,
      0.0,
      0.0,
      -8.44024580039553e-11,
      -8.846264077131659e-09,
      -2.4013586922934586e-09,
      0.0,
      0.0,
      0.0,
      0.0,
      0.0,
      0.0,
      0.0,
      -5.567173764304191e-09,
      3.2161981556529907e-09,
      -5.17258767832166e-11,
      0.0,
      0.0,
      0.0,
      0.0,
      0.0,
      0.0,
      0.0
    ],
    [
      0.0,
      -3.661603603512457e-08,
      -5.044610153203293e-08,
      8.38273836254401e-07,
      -5.1122264321183794e-08,
      -5.41720792083491e-10,
      -4.030685639345124e-08,
      3.500448302763298e-10,
      1.4261409073142973e-10,
      0.0,
      -8.910070312007884e-09,
      3.501767046734271e-08,
      1.906851649055131e-08,
      -4.640069744476734e-08,
      -1.861428695229677e-08,
      2.016498850139292e-09,
      1.1336587573379602e-08,
      7.0663834384151726e-09,
      0.0,
      0.0,
      1.576278130556789e-08,
      4.7756745366594814e-09,
      -4.466147877495624e-08,
      2.7850616534934922e-08,
      4.176359548265345e-08,
      -7.057466230551794e-09,
      -1.2874775792145367e-08,
      8.613897884067896e-10,
      0.0,
      0.0,
      3.7579880160356935e-09,
      -2.5234294558521803e-08,
      -2.0265911001349008e-08,
      -5.455022859126002e-09,
      -1.1482523196903359e-07,
      6.6531299475249095e-09,
      1.6670773617143722e-09,
      0.0,
      0.0,
      0.0,
      2.788189650242688e-08,
      -2.373918548984644e-08,
      -5.8817037842135494e-08,
      1.1985865277838333e-08,
      -2.0785233705864466e-08,
      5.579509617538614e-09,
      0.0,
      0.0,
      0.0,
      0.0,
      -3.529830531894471e-08,
      -1.845248551662909e-08,
      -5.252335789444952e-08,
      -2.2923513455997832e-09,
      1.0526249185984453e-08,
      4.097262797101577e-10,
      0.0,
      0.0,
      0.0,
      0.0,
      -9.94754257178487e-09,
      4.1468527903284105e-08,
      1.6880833976534462e-08,
      1.8259353345917183e-08,
      -1.9911846811177926e-09,
      0.0,
      0.0,
      0.0,
      0.0,
      0.0,
      -7.825469186391067e-09,
      9.017316949129894e-09,
      6.031796031938817e-09,
      -1.2353969052519442e-09,
      0.0,
      0.0,
      0.0,
      0.0,
      0.0,
      0.0,
      7.924322690345766e-10,
      8.585307288616808e-09,
      2.3077111482627723e-09,
      0.0,
      0.0,
      0.0,
      0.0,
      0.0,
      0.0,
      0.0,
      6.380990113114335e-09,
      -1.9594864482779315e-09,
      2.9903582279024706e-10,
      0.0,
      0.0,
      0.0,
      0.0,
      0.0,
      0.0,
      0.0
    ],
    [
      0.0,
      2.8846775116927715e-08,
      -5.0118864366616046e-08,
      -5.1122264321183794e-08,
      5.942792211634277e-07,
      -3.672955150591969e-09,
      -6.408557245097477e-09,
      7.681944960730842e-09,
      5.514341782846048e-09,
      0.0,
      5.278655670734992e-09,
      -5.213687434533926e-09,
      -1.2775817595365065e-08,
      -3.6825525093775473e-08,
      3.196682295780685e-08,
      3.114222530718651e-08,
      -9.585651612011856e-09,
      8.274943461982779e-09,
      0.0,
      0.0,
      1.0498506757642546e-08,
      -1.5917897247231306e-08,
      -1.0772727521039073e-08,
      -1.3536171520387667e-08,
      -1.6763827285440463e-08,
      2.353614867357199e-08,
      -7.737273449853975e-09,
      9.088616405530786e-10,
      0.0,
      0.0,
      -1.3743026423251567e-08,
      1.48026932467787e-08,
      2.9235301842097918e-08,
      3.220355531772524e-08,
      2.4926314155259986e-08,
      6.857173688554751e-09,
      -9.019997162074821e-10,
      0.0,
      0.0,
      0.0,
      -1.719161847605102e-08,
      -3.707666244248599e-08,
      -5.450561414999393e-08,
      -4.538468852146254e-09,
      -3.3971979620590856e-08,
      5.9003681797035866e-09,
      0.0,
      0.0,
      0.0,
      0.0,
      -4.234455348968089e-09,
      3.4418030889337466e-08,
      2.6087473174455374e-09,
      -3.569629061556886e-08,
      -1.1212584467529152e-08,
      1.0349275142117439e-10,
      0.0,
      0.0,
      0.0,
      0.0,
      5.718230604321584e-09,
      -1.6975655367653796e-08,
      1.170231294910783e-08,
      6.6337546928490795e-09,
      1.520413642459234e-09,
      0.0,
      0.0,
      0.0,
      0.0,
      0.0,
      -1.6753849750934511e-09,
      1.3418385015118365e-10,
      9.31207011856838e-09,
      -1.030678426763315e-09,
      0.0,
      0.0,
      0.0,
      0.0,
      0.0,
      0.0,
      -1.2160679868739056e-09,
      7.596133868775984e-09,
      2.2195586077618833e-10,
      0.0,
      0.0,
      0.0,
      0.0,
      0.0,
      0.0,
      0.0,
      -1.2862169614757363e-08,
      1.246943820195154e-10,
      -4.137836716573575e-11,
      0.0,
      0.0,
      0.0,
      0.0,
      0.0,
      0.0,
      0.0
    ],
    [
      0.0,
      7.816707683146391e-11,
      -1.550727552203714e-08,
      -5.41720792083491e-10,
      -3.672955150591969e-09,
      2.5830799977015426e-07,
      -1.3235584521952834e-08,
      -4.14652821816334e-09,
      9.74746676015104e-10,
      0.0,
      4.032783421065369e-09,
      -1.7680864849028723e-08,
      -1.6993667443659522e-08,
      -1.3592805285249302e-08,
      2.837591520015387e-08,
      -5.751618350032338e-09,
      8.949164208923628e-09,
      -2.5358665650650273e-09,
      0.0,
      0.0,
      -5.114083434309988e-09,
      6.552024091207131e-09,
      9.61123782360603e-09,
      6.627531279557888e-09,
      5.6617857261677065e-09,
      -1.2271181517457621e-08,
      3.822932892182082e-09,
      -8.353698892921405e-10,
      0.0,
      0.0,
      4.939987265385919e-09,
      6.190711742007862e-09,
      2.2445673296820276e-08,
      -1.8168397293605424e-08,
      -2.1201753984324098e-08,
      -3.1980890368527696e-09,
      -3.670572390167593e-10,
      0.0,
      0.0,
      0.0,
      1.14225882934976e-08,
      -6.867530322377306e-09,
      1.6086518990057374e-08,
      -6.517849108178968e-09,
      -2.399528024681067e-08,
      -5.448960715694102e-09,
      0.0,
      0.0,
      0.0,
      0.0,
      -1.1474675849855527e-10,
      -2.8836422905642336e-08,
      -2.319215778715274e-08,
      1.366213379159168e-08,
      -3.0371460700958463e-09,
      -3.731711967558244e-11,
      0.0,
      0.0,
      0.0,
      0.0,
      1.0908208490980673e-09,
      1.17885709525728e-08,
      -7.596183929773362e-09,
      -1.3710643936216659e-08,
      -3.6096125055009155e-10,
      0.0,
      0.0,
      0.0,
      0.0,
      0.0,
      6.609176583611146e-09,
      -1.9438901752235132e-08,
      -7.3170854509705635e-09,
      -2.297488900175818e-09,
      0.0,
      0.0,
      0.0,
      0.0,
      0.0,
      0.0,
      -5.286828418617063e-09,
      4.3528656670445596e-10,
      -3.8673991654285685e-10,
      0.0,
      0.0,
      0.0,
      0.0,
      0.0,
      0.0,
      0.0,
      -7.673370590884907e-09,
      9.349748752093075e-10,
      -1.0468195961989928e-10,
      0.0,
      0.0,
      0.0,
      0.0,
      0.0,
      0.0,
      0.0
    ],
    [
      0.0,
      -5.361510983099954e-09,
      2.468282360429015e-08,
      -4.030685639345124e-08,
      -6.408557245097477e-09,
      -1.3235584521952834e-08,
      1.8404169261328933e-07,
      -9.70549398515255e-09,
      -2.291293339259935e-09,
      0.0,
      -1.9932949802681477e-09,
      2.455485691307755e-09,
      -4.7112373796897046e-09,
      1.8096133428092786e-08,
      1.1561851463824844e-08,
      1.3680433009593756e-08,
      -6.834357736896718e-09,
      -4.648344882320756e-09,
      0.0,
      0.0,
      2.0058946677823882e-09,
      -5.195641818793633e-09,
      -3.0337422144834585e-08,
      -7.844295314070468e-10,
      1.6324780116364587e-08,
      1.8975657963320258e-08,
      8.567333916330125e-10,
      2.1845728703502167e-10,
      0.0,
      0.0,
      -1.463387794173889e-08,
      1.2687293561960591e-08,
      -6.9210785363552445e-09,
      3.0543868150800594e-08,
      -3.655762469050791e-08,
      -4.662084746343864e-09,
      -7.607582423758568e-10,
      0.0,
      0.0,
      0.0,
      1.2172727786193236e-08,
      -6.0682251555256475e-09,
      -7.085133720048709e-09,
      -1.7251386544347083e-09,
      8.58495078163005e-11,
      -2.773996716309897e-09,
      0.0,
      0.0,
      0.0,
      0.0,
      1.996300162273619e-08,
      -6.238805235030615e-09,
      -8.891402985606979e-09,
      -2.9504835093969447e-08,
      -2.914548353259555e-09,
      4.339492079602245e-12,
      0.0,
      0.0,
      0.0,
      0.0,
      -5.324267703177487e-09,
      -1.1168594240435856e-08,
      -1.2184825206372047e-08,
      3.2376645713322704e-09,
      -4.1834777964326496e-10,
      0.0,
      0.0,
      0.0,
      0.0,
      0.0,
      1.769423621212298e-09,
      -1.8312883634239877e-08,
      -3.805608899745162e-09,
      3.2646521942773253e-10,
      0.0,
      0.0,
      0.0,
      0.0,
      0.0,
      0.0,
      -2.4640109771260096e-09,
      8.117714368765644e-10,
      5.749647312743891e-10,
      0.0,
      0.0,
      0.0,
      0.0,
      0.0,
      0.0,
      0.0,
      7.938702905977592e-10,
      -1.0407827493186214e-09,
      -7.485436293930218e-11,
      0.0,
      0.0,
      0.0,
      0.0,
      0.0,
      0.0,
      0.0
    ],
    [
      0.0,
      3.408676114003903e-09,
      -1.2375575602354096e-08,
      3.500448302763298e-10,
      7.681944960730842e-09,
      -4.14652821816334e-09,
      -9.70549398515255e-09,
      9.237492123912581e-08,
      8.525634736597263e-12,
      0.0,
      -2.63786456087138e-09,
      9.135233243054938e-09,
      1.5521514068262887e-08,
      -1.667209712384578e-08,
      2.707557463996854e-08,
      4.127181042656109e-09,
      -5.8030681804089114e-09,
      2.2684102732406457e-09,
      0.0,
      0.0,
      2.0909873552013783e-09,
      3.3585299717927593e-09,
      -1.2210398569066401e-08,
      4.170813393369046e-09,
      2.3080163232089603e-08,
      -6.301783697050551e-09,
      -1.7806580452718029e-09,
      5.195112946467829e-11,
      0.0,
      0.0,
      -3.489764008850865e-09,
      -1.2499483348938636e-09,
      -3.4919365113424713e-09,
      1.9477991453412228e-08,
      -1.605754698371382e-09,
      -1.3757708400530896e-08,
      5.999660081579352e-11,
      0.0,
      0.0,
      0.0,
      -1.0982284069135544e-08,
      -1.3101381280687182e-08,
      2.483550484909008e-09,
      -2.004621969633117e-08,
      -5.601805733845275e-09,
      5.906539037231189e-10,
      0.0,
      0.0,
      0.0,
      0.0,
      -1.483345408547636e-08,
      1.026048389865495e-08,
      -2.0924057981071392e-08,
      -2.2668556686085156e-08,
      5.320189664012766e-09,
      9.666463722140792e-11,
      0.0,
      0.0,
      0.0,
      0.0,
      -7.664916458151475e-09,
      1.3767186389265033e-09,
      9.576385765366966e-10,
      -9.437582207161895e-10,
      4.2913963622249437e-10,
      0.0,
      0.0,
      0.0,
      0.0,
      0.0,
      1.2552740608999765e-11,
      9.984815221873683e-09,
      1.0635777484566589e-09,
      4.145097000500225e-10,
      0.0,
      0.0,
      0.0,
      0.0,
      0.0,
      0.0,
      -1.909985769314028e-09,
      -2.4730344741098944e-10,
      -5.411411173074151e-10,
      0.0,
      0.0,
      0.0,
      0.0,
      0.0,
      0.0,
      0.0,
      4.011511012468697e-09,
      -4.0269062041300803e-10,
      1.366651275501082e-11,
      0.0,
      0.0,
      0.0,
      0.0,
      0.0,
      0.0,
      0.0
    ],
    [
      0.0,
      -2.570944067887962e-10,
      -6.880901990771096e-10,
      1.4261409073142973e-10,
      5.514341782846048e-09,
      9.74746676015104e-10,
      -2.291293339259935e-09,
      8.525634736597263e-12,
      1.1088005891364585e-08,
      0.0,
      -5.685922689767344e-10,
      2.0150063537679435e-09,
      3.80434341809086e-09,
      -4.856892333644703e-09,
      -3.1393985142901056e-09,
      -1.6610725716674668e-10,
      6.443648530178542e-10,
      -6.747423443288471e-10,
      0.0,
      0.0,
      1.3941325736780316e-09,
      -3.838349655693142e-09,
      -6.625975585432395e-10,
      -3.137278663511874e-09,
      1.0638180918381077e-09,
      6.373648618543621e-10,
      4.124181814062518e-10,
      8.31881364386766e-11,
      0.0,
      0.0,
      -1.0437872378497013e-09,
      -1.362723855476317e-09,
      4.0789250672844854e-09,
      -4.2007860439484255e-09,
      -1.0656731139204381e-09,
      1.654704819761333e-10,
      -1.3529466521869151e-11,
      0.0,
      0.0,
      0.0,
      -4.712142516370258e-09,
      -4.641099514634954e-09,
      6.836087322989294e-09,
      -5.003032763259928e-10,
      7.136732093505248e-10,
      5.29160881209472e-10,
      0.0,
      0.0,
      0.0,
      0.0,
      4.1669818298167713e-10,
      -2.830079470007701e-09,
      -8.469539203773085e-09,
      2.7613583425222955e-09,
      1.3265026869642684e-09,
      1.3487072995483118e-11,
      0.0,
      0.0,
      0.0,
      0.0,
      -5.089006136936641e-10,
      -1.8434722018468587e-09,
      2.6600498521259663e-09,
      6.339561083067729e-10,
      -1.0194858030696019e-10,
      0.0,
      0.0,
      0.0,
      0.0,
      0.0,
      -1.4478989049684556e-09,
      2.4641109857226707e-09,
      -2.437243957530587e-11,
      -1.3408566465136126e-11,
      0.0,
      0.0,
      0.0,
      0.0,
      0.0,
      0.0,
      -1.1536264222921955e-09,
      -6.074857997816613e-10,
      -1.3741434153804431e-11,
      0.0,
      0.0,
      0.0,
      0.0,
      0.0,
      0.0,
      0.0,
      1.3824368452460483e-09,
      2.6668127535678605e-10,
      -1.7942929198950252e-11,
      0.0,
      0.0,
      0.0,
      0.0,
      0.0,
      0.0,
      0.0
    ],
    [
      0.0,
      0.0,
      0.0,
      0.0,
      0.0,
      0.0,
      0.0,
      0.0,
      0.0,
      0.0,
      0.0,
      0.0,
      0.0,
      0.0,
      0.0,
      0.0,
      0.0,
      0.0,
      0.0,
      0.0,
      0.0,
      0.0,
      0.0,
      0.0,
      0.0,
      0.0,
      0.0,
      0.0,
      0.0,
      0.0,
      0.0,
      0.0,
      0.0,
      0.0,
      0.0,
      0.0,
      0.0,
      0.0,
      0.0,
      0.0,
      0.0,
      0.0,
      0.0,
      0.0,
      0.0,
      0.0,
      0.0,
      0.0,
      0.0,
      0.0,
      0.0,
      0.0,
      0.0,
      0.0,
      0.0,
      0.0,
      0.0,
      0.0,
      0.0,
      0.0,
      0.0,
      0.0,
      0.0,
      0.0,
      0.0,
      0.0,
      0.0,
      0.0,
      0.0,
      0.0,
      0.0,
      0.0,
      0.0,
      0.0,
      0.0,
      0.0,
      0.0,
      0.0,
      0.0,
      0.0,
      0.0,
      0.0,
      0.0,
      0.0,
      0.0,
      0.0,
      0.0,
      0.0,
      0.0,
      0.0,
      0.0,
      0.0,
      0.0,
      0.0,
      0.0,
      0.0,
      0.0,
      0.0,
      0.0,
      0.0
    ],
    [
      0.0,
      -3.0163059446233895e-10,
      4.786751197484375e-09,
      -8.910070312007884e-09,
      5.278655670734992e-09,
      4.032783421065369e-09,
      -1.9932949802681477e-09,
      -2.63786456087138e-09,
      -5.685922689767344e-10,
      0.0,
      2.6618789452461764e-08,
      -3.3784528618559038e-09,
      -4.418248740473123e-09,
      6.66940256306154e-09,
      -1.0097282046055585e-08,
      -3.99276275455851e-09,
      4.6124086925137654e-09,
      -9.296451104788987e-10,
      0.0,
      0.0,
      -2.411953733001055e-09,
      3.9749470059378063e-10,
      1.7834910755400755e-09,
      1.2359500491802404e-08,
      -5.661147119158863e-09,
      -7.657397216073327e-09,
      -2.541546861453427e-09,
      7.893177405177674e-12,
      0.0,
      0.0,
      3.3523734286225154e-09,
      -6.283675773290402e-10,
      -9.116141013143719e-09,
      -7.69144767902128e-09,
      8.269756439570462e-09,
      1.4651599613366816e-09,
      -2.748753508468693e-11,
      0.0,
      0.0,
      0.0,
      2.9135550711916457e-09,
      2.757105294855244e-09,
      1.2593439484695119e-08,
      -1.0021203766314417e-09,
      -7.841493939362759e-10,
      8.240967876818885e-10,
      0.0,
      0.0,
      0.0,
      0.0,
      4.2152751219596085e-10,
      2.8650332378166302e-09,
      8.685634316539478e-09,
      -1.0767068142278206e-09,
      -2.518809843749442e-09,
      -2.5912388782779302e-11,
      0.0,
      0.0,
      0.0,
      0.0,
      2.441142242909907e-09,
      1.8909344587507456e-10,
      2.6214409947230277e-09,
      2.959815480345282e-09,
      1.2468799682159993e-10,
      0.0,
      0.0,
      0.0,
      0.0,
      0.0,
      -1.8758577157450995e-09,
      -3.5633211298825973e-09,
      1.7903651945670976e-09,
      -2.9938378117865047e-10,
      0.0,
      0.0,
      0.0,
      0.0,
      0.0,
      0.0,
      1.3542049374098775e-10,
      -8.166774844168229e-10,
      -2.64124753810821e-10,
      0.0,
      0.0,
      0.0,
      0.0,
      0.0,
      0.0,
      0.0,
      1.1256050428011928e-09,
      3.208263134267157e-10,
      -4.584563298495262e-12,
      0.0,
      0.0,
      0.0,
      0.0,
      0.0,
      0.0,
      0.0
    ],
    [
      0.0,
      1.8753644129832776e-08,
      -3.998692459215646e-08,
      3.501767046734271e-08,
      -5.213687434533926e-09,
      -1.7680864849028723e-08,
      2.455485691307755e-09,
      9.135233243054938e-09,
      2.0150063537679435e-09,
      0.0,
      -3.3784528618559038e-09,
      3.4158557489564937e-07,
      -4.5453181622373695e-08,
      -9.456502132684303e-09,
      -2.0203594087682167e-09,
      -6.24741650294529e-09,
      -2.512166437969698e-09,
      2.5684416111732058e-09,
      0.0,
      0.0,
      4.659851122156891e-09,
      -1.3300584762648968e-08,
      -2.5218390539870934e-08,
      -1.6476404977297934e-08,
      5.903401890110261e-09,
      8.175058547947517e-09,
      -3.885020427203823e-09,
      -2.655935673788457e-10,
      0.0,
      0.0,
      -1.3801649962297673e-08,
      -2.744211835906017e-09,
      1.1795468422930857e-08,
      -1.5836842874672966e-08,
      4.315667537099247e-09,
      4.866648444846445e-09,
      1.6830210872261072e-09,
      0.0,
      0.0,
      0.0,
      2.6972195103682554e-09,
      5.175770210941373e-09,
      -3.431835066799566e-08,
      -3.952309848542822e-09,
      -4.257018178127694e-09,
      -4.809147357279378e-09,
      0.0,
      0.0,
      0.0,
      0.0,
      -8.992855683777169e-09,
      -3.847849809437423e-09,
      4.256954269450516e-08,
      -1.5294905509242407e-08,
      1.364650990168319e-09,
      1.4781429351778474e-10,
      0.0,
      0.0,
      0.0,
      0.0,
      2.052917621332716e-08,
      1.561994343633312e-08,
      -9.25765426786138e-09,
      -3.3071374947978854e-09,
      -1.0642109734074635e-10,
      0.0,
      0.0,
      0.0,
      0.0,
      0.0,
      7.201892967284114e-09,
      8.885497663334188e-09,
      -1.4325102354551334e-08,
      2.4862536653761603e-10,
      0.0,
      0.0,
      0.0,
      0.0,
      0.0,
      0.0,
      -1.2399277395532219e-08,
      -3.0999347643864984e-10,
      -1.5901428286862151e-09,
      0.0,
      0.0,
      0.0,
      0.0,
      0.0,
      0.0,
      0.0,
      3.064649803694599e-09,
      6.310905414425676e-10,
      -1.5636154371908087e-11,
      0.0,
      0.0,
      0.0,
      0.0,
      0.0,
      0.0,
      0.0
    ],
    [
      0.0,
      1.0964924949387178e-08,
      3.429063328323738e-08,
      1.906851649055131e-08,
      -1.2775817595365065e-08,
      -1.6993667443659522e-08,
      -4.7112373796897046e-09,
      1.5521514068262887e-08,
      3.80434341809086e-09,
      0.0,
      -4.418248740473123e-09,
      -4.5453181622373695e-08,
      7.767314732500022e-07,
      -4.065463436510897e-08,
      -1.4287624191815325e-08,
      -1.215848716390466e-08,
      -2.2640032446098478e-08,
      -7.788767889386037e-09,
      0.0,
      0.0,
      2.7672644350316583e-08,
      -2.106023944733619e-08,
      -5.310716899452863e-08,
      8.271911845086837e-09,
      -3.731466579696274e-08,
      -1.0675006543561444e-08,
      6.686254504454364e-09,
      -7.444260927206173e-10,
      0.0,
      0.0,
      -1.4541163351867874e-08,
      -1.6228550850190552e-08,
      5.779788807318467e-08,
      6.560031312433104e-09,
      -4.376503521886521e-08,
      1.2335187481668375e-08,
      -2.4152499256301647e-09,
      0.0,
      0.0,
      0.0,
      -1.0999077488271088e-08,
      -1.712609200608264e-08,
      7.875896222350593e-08,
      4.554494712938429e-09,
      2.2519866722008065e-08,
      2.513156536161812e-09,
      0.0,
      0.0,
      0.0,
      0.0,
      -1.169864000363998e-08,
      -4.575781000613871e-08,
      -8.803676386647943e-09,
      -1.5215424782636193e-08,
      1.4892706889254379e-08,
      3.7537119397863953e-10,
      0.0,
      0.0,
      0.0,
      0.0,
      4.650493326923679e-09,
      -1.2972229751466614e-08,
      3.556370532411103e-08,
      5.188695831399806e-09,
      8.832833406715819e-10,
      0.0,
      0.0,
      0.0,
      0.0,
      0.0,
      -1.8206580226912335e-08,
      -9.71325185219067e-09,
      7.988352154188534e-09,
      1.6046516031134685e-09,
      0.0,
      0.0,
      0.0,
      0.0,
      0.0,
      0.0,
      1.7905421003103184e-08,
      2.400804165777808e-09,
      1.3425147393264688e-09,
      0.0,
      0.0,
      0.0,
      0.0,
      0.0,
      0.0,
      0.0,
      2.1813193242132618e-09,
      -4.722369300381189e-11,
      2.1515020816714815e-10,
      0.0,
      0.0,
      0.0,
      0.0,
      0.0,
      0.0,
      0.0
    ],
    [
      0.0,
      1.1616505407393521e-08,
      6.561493287198048e-10,
      -4.640069744476734e-08,
      -3.6825525093775473e-08,
      -1.3592805285249302e-08,
      1.8096133428092786e-08,
      -1.667209712384578e-08,
      -4.856892333644703e-09,
      0.0,
      6.66940256306154e-09,
      -9.456502132684303e-09,
      -4.065463436510897e-08,
      9.447469634579443e-07,
      -5.497980180157379e-08,
      -3.0532184730447356e-08,
      -9.27604404750943e-09,
      5.996853682468324e-09,
      0.0,
      0.0,
      1.729879628911182e-09,
      -2.137468050189834e-08,
      -2.854848117212377e-08,
      -3.2543852349773933e-08,
      -3.4540066560473825e-08,
      8.015523159664045e-09,
      -4.907637489405054e-09,
      1.2017456480107216e-09,
      0.0,
      0.0,
      1.2690577516293731e-08,
      -5.58549806078222e-09,
      4.125468231664489e-08,
      -1.548234862572839e-08,
      5.395467581023241e-08,
      1.2409852268790299e-09,
      3.226479990196359e-09,
      0.0,
      0.0,
      0.0,
      -1.2832253907582118e-08,
      -2.7634605921361996e-08,
      7.627254946900937e-08,
      6.640617324626482e-08,
      3.26833394119972e-08,
      -9.601579444312704e-09,
      0.0,
      0.0,
      0.0,
      0.0,
      2.0289931984634564e-08,
      4.464258158143558e-08,
      -3.717155504776853e-09,
      -5.978125158482974e-08,
      -5.355927546323995e-09,
      -5.005660464060486e-10,
      0.0,
      0.0,
      0.0,
      0.0,
      5.301756007938049e-09,
      -2.995714058545786e-08,
      3.720840993849225e-10,
      -1.6102605745744537e-08,
      3.6399038140870026e-10,
      0.0,
      0.0,
      0.0,
      0.0,
      0.0,
      1.2008292029009813e-08,
      -2.745816811198889e-08,
      -1.1878391407926173e-09,
      -2.473791678317258e-09,
      0.0,
      0.0,
      0.0,
      0.0,
      0.0,
      0.0,
      1.6200456564302458e-08,
      -5.061467101568428e-09,
      4.728736424243598e-09,
      0.0,
      0.0,
      0.0,
      0.0,
      0.0,
      0.0,
      0.0,
      5.201617735885724e-10,
      1.6282989127597464e-09,
      2.766972867884155e-10,
      0.0,
      0.0,
      0.0,
      0.0,
      0.0,
      0.0,
      0.0
    ],
    [
      0.0,
      2.2862500056055248e-08,
      3.17473684197637e-08,
      -1.861428695229677e-08,
      3.196682295780685e-08,
      2.837591520015387e-08,
      1.1561851463824844e-08,
      2.707557463996854e-08,
      -3.1393985142901056e-09,
      0.0,
      -1.0097282046055585e-08,
      -2.0203594087682167e-09,
      -1.4287624191815325e-08,
      -5.497980180157379e-08,
      6.138853248068281e-07,
      1.5706056586521135e-09,
      4.2826770780470135e-09,
      -9.888458295359321e-09,
      0.0,
      0.0,
      -1.4725455373240051e-08,
      -1.5286092793570714e-08,
      -1.5777029063228868e-08,
      4.8033410709939714e-08,
      2.141586589128899e-08,
      1.4394630511723135e-08,
      -1.1231513909788265e-08,
      9.683337828543608e-10,
      0.0,
      0.0,
      -1.5991559148312247e-08,
      -7.1560838660043715e-09,
      2.3772371988422875e-08,
      7.402143390526738e-08,
      -1.1044461415627635e-08,
      -2.929189515866032e-09,
      -1.291247541308159e-09,
      0.0,
      0.0,
      0.0,
      3.350196246269741e-08,
      -2.330234872446892e-08,
      6.256658492323913e-09,
      -4.1602140740549824e-08,
      -2.137807053600085e-08,
      -4.340461678863574e-09,
      0.0,
      0.0,
      0.0,
      0.0,
      -3.5106097955159934e-09,
      9.463250397020345e-09,
      -3.990299982894102e-08,
      -4.461564234468156e-08,
      -7.640855105064179e-09,
      -2.4617083369761264e-10,
      0.0,
      0.0,
      0.0,
      0.0,
      3.2239352533529465e-08,
      2.365837906574057e-12,
      -1.766068731866604e-09,
      1.518329424923137e-09,
      5.581085941438376e-10,
      0.0,
      0.0,
      0.0,
      0.0,
      0.0,
      -1.5811045986439045e-09,
      -8.036337465211702e-09,
      -6.389770065394295e-09,
      -2.8866540671181754e-09,
      0.0,
      0.0,
      0.0,
      0.0,
      0.0,
      0.0,
      -3.407534297580474e-09,
      4.423505276056981e-09,
      6.515180191450976e-10,
      0.0,
      0.0,
      0.0,
      0.0,
      0.0,
      0.0,
      0.0,
      1.026531458864944e-09,
      -3.485337104110805e-10,
      -4.867793052612756e-11,
      0.0,
      0.0,
      0.0,
      0.0,
      0.0,
      0.0,
      0.0
    ],
    [
      0.0,
      1.889161889459953e-08,
      -2.3367286133769996e-08,
      2.016498850139292e-09,
      3.114222530718651e-08,
      -5.751618350032338e-09,
      1.3680433009593756e-08,
      4.127181042656109e-09,
      -1.6610725716674668e-10,
      0.0,
      -3.99276275455851e-09,
      -6.24741650294529e-09,
      -1.215848716390466e-08,
      -3.0532184730447356e-08,
      1.5706056586521135e-09,
      2.941403214334736e-07,
      -1.453334163285221e-08,
      -5.433258005230351e-09,
      0.0,
      0.0,
      -1.4101955471203512e-08,
      1.0444182210035474e-09,
      -1.7283634776501682e-08,
      2.4723211009689733e-08,
      -6.9992421763464906e-09,
      1.5813267197873785e-08,
      -5.215607931063245e-09,
      -1.0037670511052948e-11,
      0.0,
      0.0,
      4.284160781687168e-09,
      1.5826966203609306e-08,
      2.5445215471609624e-08,
      1.2840424230484205e-08,
      -1.1398706720364863e-08,
      -7.431261693790375e-09,
      8.50746658087776e-11,
      0.0,
      0.0,
      0.0,
      -2.3048578545861206e-08,
      -6.794673453425455e-09,
      -7.418495903901639e-09,
      -6.981444222540356e-09,
      -2.070866332101553e-08,
      -1.1481936657168186e-09,
      0.0,
      0.0,
      0.0,
      0.0,
      3.785842010880916e-09,
      1.2268253808313121e-08,
      -4.666241318207598e-09,
      1.1173596571875141e-08,
      7.702717457188267e-09,
      1.3469313073728449e-11,
      0.0,
      0.0,
      0.0,
      0.0,
      -6.952547189932578e-09,
      -2.452742444595727e-08,
      -3.4317510761519385e-08,
      -6.496517898191505e-09,
      1.332512274632816e-10,
      0.0,
      0.0,
      0.0,
      0.0,
      0.0,
      -1.033110328787613e-08,
      1.2900146450976385e-08,
      2.6491257556590844e-10,
      -1.6092122393661372e-09,
      0.0,
      0.0,
      0.0,
      0.0,
      0.0,
      0.0,
      -1.8465212210266745e-09,
      -2.382591549200673e-10,
      -7.198337737997236e-10,
      0.0,
      0.0,
      0.0,
      0.0,
      0.0,
      0.0,
      0.0,
      3.833557965998586e-10,
      2.221449847524786e-09,
      -1.2850622298559982e-10,
      0.0,
      0.0,
      0.0,
      0.0,
      0.0,
      0.0,
      0.0
    ],
    [
      0.0,
      -1.1324357930757743e-08,
      2.0204541417269246e-08,
      1.1336587573379602e-08,
      -9.585651612011856e-09,
      8.949164208923628e-09,
      -6.834357736896718e-09,
      -5.8030681804089114e-09,
      6.443648530178542e-10,
      0.0,
      4.6124086925137654e-09,
      -2.512166437969698e-09,
      -2.2640032446098478e-08,
      -9.27604404750943e-09,
      4.2826770780470135e-09,
      -1.453334163285221e-08,
      1.3049708565037492e-07,
      -2.4499872073201874e-09,
      0.0,
      0.0,
      -9.167775586833638e-10,
      3.6052012410064994e-09,
      5.999724247582635e-09,
      2.6293820750686502e-08,
      -2.107799607181644e-09,
      6.0656996004457235e-09,
      2.5847853274574207e-09,
      4.72534818706908e-10,
      0.0,
      0.0,
      4.165152488093074e-09,
      1.0739120881675355e-08,
      -2.4411493259429083e-09,
      2.256236809891704e-08,
      -2.3937223062598626e-08,
      3.4486269096985853e-09,
      -4.943268009674325e-10,
      0.0,
      0.0,
      0.0,
      4.442848892601534e-09,
      -8.849421278309388e-09,
      -6.827321353593081e-09,
      -3.0135859724814287e-09,
      -5.605131793847e-09,
      -7.400728759549311e-09,
      0.0,
      0.0,
      0.0,
      0.0,
      1.4281063619146303e-10,
      1.0296103052923755e-08,
      -6.771594382769196e-09,
      6.439157607718269e-10,
      -6.765836644050009e-09,
      -7.884351526576255e-11,
      0.0,
      0.0,
      0.0,
      0.0,
      -1.0989702805408744e-09,
      -5.680744887511172e-09,
      -1.579210148837458e-08,
      -4.2816001778012135e-09,
      -9.991630792473901e-11,
      0.0,
      0.0,
      0.0,
      0.0,
      0.0,
      -8.371668008409794e-09,
      -6.879299655041346e-09,
      1.0232219462945904e-09,
      -1.3726541290537449e-09,
      0.0,
      0.0,
      0.0,
      0.0,
      0.0,
      0.0,
      -7.638181390714446e-09,
      -3.42898161000384e-09,
      -2.4413294373699664e-10,
      0.0,
      0.0,
      0.0,
      0.0,
      0.0,
      0.0,
      0.0,
      -2.8137198605127472e-09,
      -6.377231656588753e-10,
      1.705266165565074e-10,
      0.0,
      0.0,
      0.0,
      0.0,
      0.0,
      0.0,
      0.0
    ],
    [
      0.0,
      -2.2541652109716873e-09,
      -3.742703440075429e-09,
      7.0663834384151726e-09,
      8.274943461982779e-09,
      -2.5358665650650273e-09,
      -4.648344882320756e-09,
      2.2684102732406457e-09,
      -6.747423443288471e-10,
      0.0,
      -9.296451104788987e-10,
      2.5684416111732058e-09,
      -7.788767889386037e-09,
      5.996853682468324e-09,
      -9.888458295359321e-09,
      -5.433258005230351e-09,
      -2.4499872073201874e-09,
      2.205553318394342e-08,
      0.0,
      0.0,
      -8.244883695322999e-10,
      5.746331336469145e-09,
      2.2303145257983106e-10,
      -5.418217706700918e-09,
      -3.824950562348848e-09,
      -2.2885134230204607e-09,
      -3.3213042511645045e-11,
      -3.4246266957525535e-10,
      0.0,
      0.0,
      1.279399658497591e-09,
      7.617991918643035e-09,
      -7.723869925252218e-09,
      -1.0102713869268456e-09,
      1.0911697844562754e-09,
      7.813108071499671e-10,
      -5.660563335875984e-11,
      0.0,
      0.0,
      0.0,
      9.66383724255295e-10,
      -3.4861128358599873e-10,
      7.077898479706025e-09,
      -1.877514430332402e-09,
      -6.5401100273916555e-09,
      1.545982172639167e-10,
      0.0,
      0.0,
      0.0,
      0.0,
      -2.3408534127757492e-09,
      -2.769305471359811e-10,
      -3.916610809516757e-09,
      3.2298675033661074e-09,
      2.659739262846015e-09,
      2.4922543556389275e-11,
      0.0,
      0.0,
      0.0,
      0.0,
      -3.158125950523775e-09,
      8.124859945928572e-10,
      -2.4854264682357246e-09,
      2.1090561129224916e-09,
      7.901629941610447e-11,
      0.0,
      0.0,
      0.0,
      0.0,
      0.0,
      6.897517461770166e-11,
      1.0232598387798918e-09,
      3.940972519866505e-10,
      -1.0060385067161348e-11,
      0.0,
      0.0,
      0.0,
      0.0,
      0.0,
      0.0,
      -9.351323680321246e-10,
      1.7917533208678812e-10,
      -6.562609301153033e-10,
      0.0,
      0.0,
      0.0,
      0.0,
      0.0,
      0.0,
      0.0,
      6.793494041097628e-10,
      -4.4049942648815417e-10,
      -3.326253651755456e-11,
      0.0,
      0.0,
      0.0,
      0.0,
      0.0,
      0.0,
      0.0
    ],
    [
      0.0,
      0.0,
      0.0,
      0.0,
      0.0,
      0.0,
      0.0,
      0.0,
      0.0,
      0.0,
      0.0,
      0.0,
      0.0,
      0.0,
      0.0,
      0.0,
      0.0,
      0.0,
      0.0,
      0.0,
      0.0,
      0.0,
      0.0,
      0.0,
      0.0,
      0.0,
      0.0,
      0.0,
      0.0,
      0.0,
      0.0,
      0.0,
      0.0,
      0.0,
      0.0,
      0.0,
      0.0,
      0.0,
      0.0,
      0.0,
      0.0,
      0.0,
      0.0,
      0.0,
      0.0,
      0.0,
      0.0,
      0.0,
      0.0,
      0.0,
      0.0,
      0.0,
      0.0,
      0.0,
      0.0,
      0.0,
      0.0,
      0.0,
      0.0,
      0.0,
      0.0,
      0.0,
      0.0,
      0.0,
      0.0,
      0.0,
      0.0,
      0.0,
      0.0,
      0.0,
      0.0,
      0.0,
      0.0,
      0.0,
      0.0,
      0.0,
      0.0,
      0.0,
      0.0,
      0.0,
      0.0,
      0.0,
      0.0,
      0.0,
      0.0,
      0.0,
      0.0,
      0.0,
      0.0,
      0.0,
      0.0,
      0.0,
      0.0,
      0.0,
      0.0,
      0.0,
      0.0,
      0.0,
      0.0,
      0.0
    ],
    [
      0.0,
      0.0,
      0.0,
      0.0,
      0.0,
      0.0,
      0.0,
      0.0,
      0.0,
      0.0,
      0.0,
      0.0,
      0.0,
      0.0,
      0.0,
      0.0,
      0.0,
      0.0,
      0.0,
      0.0,
      0.0,
      0.0,
      0.0,
      0.0,
      0.0,
      0.0,
      0.0,
      0.0,
      0.0,
      0.0,
      0.0,
      0.0,
      0.0,
      0.0,
      0.0,
      0.0,
      0.0,
      0.0,
      0.0,
      0.0,
      0.0,
      0.0,
      0.0,
      0.0,
      0.0,
      0.0,
      0.0,
      0.0,
      0.0,
      0.0,
      0.0,
      0.0,
      0.0,
      0.0,
      0.0,
      0.0,
      0.0,
      0.0,
      0.0,
      0.0,
      0.0,
      0.0,
      0.0,
      0.0,
      0.0,
      0.0,
      0.0,
      0.0,
      0.0,
      0.0,
      0.0,
      0.0,
      0.0,
      0.0,
      0.0,
      0.0,
      0.0,
      0.0,
      0.0,
      0.0,
      0.0,
      0.0,
      0.0,
      0.0,
      0.0,
      0.0,
      0.0,
      0.0,
      0.0,
      0.0,
      0.0,
      0.0,
      0.0,
      0.0,
      0.0,
      0.0,
      0.0,
      0.0,
      0.0,
      0.0
    ],
    [
      0.0,
